-0.035498634, -25.547764, -87.53869, 56.488956
-0.18089561, -29.17278, -115.45994, 51.250015
-0.082181185, -28.428635, -92.812, 66.759674
-0.25196078, -28.828915, -112.74821, 50.455803
-0.17297076, -29.17278, -113.86721, 51.250015
-0.29446968, -29.507698, -89.3282, 50.87737
-0.25508943, -27.036781, -82.92464, 51.261353
-0.18089561, -28.590315, -131.85745, 50.777184
-0.14208259, -30.083374, -93.38384, 57.253162
-0.14208259, -31.780695, -93.69148, 57.24005
-0.23955071, -28.807571, -114.06387, 52.69601
-56.78126, -43.796104, -71.176956, -32.44039
-56.557224, -36.554768, -64.55591, 31.951172
-0.18183954, -28.990816, -115.45994, 47.547523
-0.015819632, -24.221828, -89.58858, 55.947853
-0.020891778, -25.970526, -100.81556, 50.528732
-0.25987136, -27.036781, -82.92464, 51.52273
-0.2551198, -28.822094, -112.90621, 50.455803
-0.14208259, -29.960209, -93.69148, 56.976814
0.028337685, -25.606653, -90.02482, 49.92363
-0.17297076, -29.196072, -115.45994, 51.511322
-0.26398462, -28.743935, -90.86907, 54.711044
-0.035498634, -25.547764, -87.640526, 56.488956
-0.028855372, -24.288126, -89.58858, 56.453686
-0.10402172, -24.457397, -89.94085, 56.449734
-0.22572075, -25.015604, -92.87238, 62.283897
-0.004120767, -25.223597, -81.79446, 52.980927
-0.072934814, -28.428635, -93.161095, 65.98419
-0.23594612, -24.700127, -95.68657, 52.27357
0.0347878, -28.303432, -91.999054, 58.08629
-0.14402324, -30.192442, -93.69148, 56.976814
-0.019393686, -25.593464, -84.01337, 55.84896
-0.2590489, -26.295406, -91.78523, 54.09881
-0.27653444, -29.652876, -94.462006, 51.2242
-0.075681485, -28.428635, -93.9444, 66.759674
0.031757675, -20.369398, -99.29502, 66.969154
-56.78126, -44.565754, -71.176956, -27.993923
-0.060248718, -29.741951, -92.7095, 67.61467
-0.26301357, -23.839645, -75.79623, 44.855797
0.03634796, -25.064722, -88.31673, 52.53574
-1.4727637, -22.987297, -77.94491, 51.352745
-0.035498634, -22.895657, -87.53869, 56.488956
-0.2595566, -24.815403, -95.68657, 52.27357
-0.035498634, -25.547764, -87.53869, 67.25284
-0.25425076, -26.14903, -91.40007, 54.850502
0.03348521, -25.785671, -90.02482, 50.054478
-0.18089561, -28.590315, -131.85745, 50.777184
-80.84975, -6.444809, 8.285416, -29.502651
-0.16050604, -29.17278, -115.45994, 51.250015
-0.08094219, -28.428635, -92.812, 66.759674
-0.332764, -29.179806, -95.14395, 51.264744
-0.22346754, -26.294163, -90.13542, 55.079784
-0.21692368, -24.795046, -94.58955, 51.786526
-0.28057203, -26.184202, -77.844475, 47.761
-0.2551198, -29.003344, -112.90621, 50.455803
-0.038596235, -25.554585, -87.56097, 56.190426
-0.045655824, -25.066687, -87.56454, 63.161106
-0.26499042, -29.520514, -94.614235, 61.028458
-64.77068, -50.80582, -49.453976, -50.055893
-0.035498634, -25.547764, -87.63544, 56.488956
-0.23890032, -26.415966, -90.0067, 55.439808
-80.84975, -6.444809, 3.4942102, -33.752792
0.0068236827, -28.303432, -92.44083, 68.15975
-0.2404061, -23.97622, -90.13376, 54.92597
0.04549068, -23.54132, -86.91498, 50.843674
0.04549068, -23.244928, -90.92972, 50.843674
-0.18089561, -29.17278, -115.45994, 45.019142
0.016789379, -22.159384, -88.34154, 49.93169
-0.332764, -29.071098, -95.14395, 51.52586
-0.040871426, -20.62279, -89.58858, 65.98659
0.035009798, -25.902523, -89.29806, 50.557735
-0.18183954, -29.17203, -115.45994, 47.547523
-0.12983222, -26.980711, -95.143524, 57.23015
-0.24345532, -25.917305, -90.13376, 55.224674
0.03003602, -25.785671, -90.02482, 54.47496
-0.27653444, -29.607306, -94.40998, 51.262623
-0.26301357, -23.558954, -76.38335, 44.855797
-0.26266986, -26.295406, -91.78523, 54.247055
-86.839645, -17.717169, 21.464409, 20.122005
0.06379461, -25.774567, -88.37206, 49.994804
-0.2435019, -26.143967, -91.78523, 54.247055
0.031757675, -25.570328, -100.35944, 66.969154
-0.16067344, -27.180387, -92.00782, 51.275337
-0.17566548, -27.272991, -92.001015, 51.06886
-0.30044726, -29.507698, -89.3282, 51.157948
0.08257339, -34.629406, -112.19533, 56.349976
-0.23402834, -26.294163, -97.3971, 55.492264
-45.287895, -55.595886, -67.670364, 82.072845
-0.058730453, -28.333979, -92.73059, 67.074646
0.05210668, -22.74654, -89.11644, 50.529438
-0.25542545, -29.37343, -96.0496, 50.801556
0.084379025, -25.745539, -121.655525, 56.33346
-0.32199466, -29.85521, -76.34644, 51.58006
0.045257997, -25.780422, -89.435905, 55.772663
-0.25899437, -27.167585, -84.5514, 51.261353
0.02276617, -25.785671, -90.02482, 49.991554
-0.26796684, -23.4718, -78.92164, 47.287834
-0.14589141, -26.84007, -94.56662, 57.23015
-0.1265661, -25.042883, -88.49633, 57.25668
-1.3897257, -22.520323, -77.94491, 50.846207
0.020291904, -25.76472, -88.83387, 50.03495
-0.2760899, -26.976751, -84.58234, 51.529602
-0.32942092, -29.85521, -76.34644, 51.825504
-85.27492, -15.762085, -0.6303768, -77.91274
-0.1545755, -27.098757, -91.5877, 51.000935
0.053020004, -25.573309, -88.35767, 52.44903
0.040054888, -22.640352, -88.36433, 50.529438
0.016343068, -25.355457, -100.35944, 66.969154
-0.27743897, -29.652876, -94.41757, 60.315704
-0.028855372, -24.288126, -89.58858, 56.453686
-0.18225186, -29.17203, -131.03758, 51.001583
-0.045655824, -25.066687, -87.56454, 63.161106
-0.31790072, -29.179806, -95.14395, 51.26552
-0.20333916, -30.29941, -94.86944, 57.334724
-0.22873023, -26.27087, -90.0067, 55.439808
-79.000275, -3.1920547, 70.21181, 5.6400757
-0.045655824, -25.066687, -88.960594, 63.161106
-0.34167394, -24.196865, -97.28488, 51.335224
0.084379025, -29.599524, -119.75302, 56.60237
-0.072934814, -28.428635, -93.161095, 65.98419
0.08257339, -29.805954, -112.19533, 56.349976
-0.25408915, -23.97622, -90.13376, 54.92597
-0.24840753, -28.828915, -112.74821, 50.455803
-0.26301357, -23.558954, -77.77941, 44.855797
-0.22873023, -26.27087, -90.0067, 55.439808
-0.020891778, -26.130638, -101.51434, 50.528732
-85.27492, -14.218299, 5.4132843, -84.71247
-0.25987136, -27.036781, -82.92464, 51.52273
0.020291904, -25.76472, -88.83387, 50.03495
0.024214527, -25.902523, -89.29806, 50.5213
-0.027468782, -25.593464, -84.01337, 55.815277
0.076723635, -26.752558, -98.14691, 56.98035
-0.010337959, -25.593464, -84.01337, 55.633636
-0.035498634, -25.729015, -87.53869, 56.191475
0.08257339, -30.03007, -110.962494, 56.349976
-0.1522912, -28.721296, -88.13773, 51.64083
-81.02022, -15.762085, 5.4132843, -77.91274
-0.2590489, -26.143967, -92.96897, 54.09881
-0.3270236, -26.856989, -84.46576, 50.48719
0.065800555, -30.576097, -89.753265, 56.699192
-0.27602375, -26.617453, -83.130005, 51.46588
-0.035498634, -25.547764, -87.53869, 56.488956
-0.2683143, -29.628872, -94.98663, 61.028458
-0.24374701, -28.418608, -113.96713, 50.455803
-0.060248718, -29.741951, -94.10557, 67.61467
-0.17297076, -29.17203, -115.45994, 51.761726
-54.193943, -50.927967, -76.71593, 50.502075
0.03452936, -22.310007, -88.793, 56.814156
-0.1522912, -26.085354, -88.13773, 51.883236
-0.2511907, -23.97622, -91.40007, 54.92597
-0.15155186, -30.40848, -93.127106, 51.72389
-0.25987136, -27.143581, -82.92464, 51.261353
-0.25196078, -28.828915, -111.48773, 50.455803
-0.30044726, -29.514957, -89.038826, 46.709354
-0.14208259, -30.447178, -105.060196, 57.38191
-0.265299, -29.652876, -96.37898, 51.2242
-0.042249616, -25.341265, -88.15234, 56.53595
-0.25110146, -28.994427, -112.00222, 50.495514
-0.2590489, -26.143967, -92.96897, 54.09881
-0.27743897, -29.652876, -94.41757, 60.315704
-0.11882018, -24.18395, -89.82074, 56.449734
-0.030613082, -24.5744, -87.565895, 63.161106
-43.032547, -55.595886, -67.670364, 83.6951
-0.16617928, -28.157389, -98.60092, 51.504307
-0.08763124, -24.472528, -90.56874, 59.456276
-68.17014, -50.80582, -51.35821, -50.055893
0.04549068, -23.244928, -86.91498, 50.86399
-0.23890032, -27.106236, -90.0067, 55.439808
-0.21404518, -26.143967, -91.78523, 54.09881
-0.27743897, -29.63131, -94.982925, 51.206207
-0.1265661, -25.042883, -88.49633, 56.99473
-0.024073431, -24.221828, -89.58858, 56.195107
-82.499435, -17.717169, 21.464409, 18.207954
0.02909454, -22.159384, -88.30139, 49.93169
-0.08763124, -24.472528, -90.56874, 59.456276
-0.25425076, -26.14903, -91.40007, 54.850502
-0.24649599, -24.700127, -95.279175, 52.27357
0.03452936, -22.139599, -90.12634, 56.814156
-0.11209218, -24.540077, -89.92323, 56.436623
-0.045147963, -25.066687, -87.565895, 63.161106
-0.3270236, -26.691954, -84.17222, 50.54022
0.07666979, -30.03007, -112.19533, 56.349976
-0.1076282, -23.709053, -89.94085, 56.449734
-0.23990898, -28.418608, -113.96713, 50.49712
-0.332764, -29.071098, -96.15975, 51.264645
-0.30954683, -27.138, -82.92308, 51.282112
-0.12346844, -24.919619, -88.461815, 57.74151
-0.020891778, -25.970526, -102.211624, 50.528732
-0.027996052, -24.090158, -95.24822, 56.47611
-0.27209035, -28.912153, -103.43354, 54.711044
-0.022812538, -25.547764, -89.28092, 66.00699
-0.035498634, -25.547764, -87.53869, 56.488956
-0.04537782, -25.547764, -87.53869, 56.191475
-0.25899437, -27.060074, -84.74689, 51.261353
-0.08763124, -24.225147, -91.8133, 59.456276
-0.22873023, -26.27087, -90.0067, 55.439808
0.031757675, -20.369398, -99.29502, 66.969154
-0.16273934, -34.607826, -115.45994, 50.487682
-0.004120767, -25.239805, -81.49213, 52.980927
-0.2045204, -30.29941, -94.86944, 57.030487
-0.33841696, -24.305222, -96.3283, 51.335224
-0.14460933, -27.167295, -94.43758, 57.23015
-0.23368594, -30.29941, -94.86944, 57.334724
-0.18089561, -28.590315, -131.85745, 50.777184
-0.24032733, -25.917305, -90.13376, 55.158134
-0.016452055, -24.493382, -90.88215, 56.751167
0.053020004, -25.516226, -88.35767, 52.651028
-0.23955071, -28.807571, -114.06387, 52.69601
-0.14208259, -30.192442, -93.69148, 56.690475
-0.15301904, -30.40848, -93.421234, 51.72389
0.053020004, -25.39206, -88.35767, 52.44903
-0.25794142, -23.97622, -90.13376, 54.742172
-0.22873023, -26.27087, -90.0067, 55.439808
-0.26078567, -29.520514, -94.98663, 61.028458
-0.17000918, -34.607826, -115.45994, 50.487682
-0.11209218, -25.113403, -91.200066, 56.43387
-0.25987136, -26.96233, -82.92464, 51.261353
0.063586675, -29.596087, -111.15795, 56.922768
-80.84975, -6.444809, 8.285416, -28.31085
-0.25987136, -26.96233, -82.92464, 51.261353
-0.16159242, -27.275599, -86.65831, 57.385483
-0.25890768, -23.558954, -75.79623, 44.855797
-0.27653444, -29.607306, -94.40998, 51.262623
-0.25514126, -26.143967, -91.78523, 54.09881
-1.3897257, -22.671696, -75.970436, 50.846207
0.015310086, -25.785671, -90.02482, 49.92363
-54.193943, -43.895317, -76.71593, 50.502075
-0.21488272, -25.593845, -82.83038, 51.950466
-0.23402834, -26.27087, -90.11223, 55.439808
-0.18336765, -27.260077, -93.79921, 56.61059
-0.14460933, -25.313934, -94.800674, 57.23015
0.0037938152, -25.46144, -90.11631, 50.31426
0.030831788, -23.244928, -86.91498, 50.843674
-0.17297076, -29.194906, -115.45994, 51.525074
-0.22647236, -24.795046, -94.58955, 52.02165
-0.332764, -28.894932, -95.14395, 51.264645
0.08263007, -26.87357, -98.14691, 56.98035
-0.062219042, -28.284592, -93.161095, 65.985794
-0.27743897, -29.607306, -94.27585, 46.34961
0.0347878, -27.80082, -92.59094, 73.80482
-0.24781959, -27.060074, -83.13041, 51.261353
-0.04116462, -25.341265, -87.925, 56.814156
-0.2551198, -28.994427, -97.427345, 50.455803
-0.11209218, -25.113403, -89.80401, 56.43387
-0.22419353, -24.6787, -77.912605, 51.786526
-0.25899437, -26.984459, -83.13041, 51.261353
0.02839486, -20.369398, -99.91377, 66.969154
-0.22647236, -23.93281, -77.912605, 51.786526
0.06818917, -26.741299, -91.79421, 46.55426
0.053020004, -25.383863, -89.71278, 52.44903
0.03452936, -22.139599, -90.12634, 56.814156
-0.27743897, -29.343422, -79.97639, 51.563557
-0.2438708, -27.060074, -82.64243, 51.23836
-0.21692368, -24.6787, -77.912605, 51.786526
-0.035498634, -25.257326, -88.310936, 60.976994
-0.060883023, -28.428635, -93.161095, 65.985794
-0.14208259, -30.238338, -93.127106, 51.72389
-0.14208259, -30.192442, -93.69148, 56.952423
-0.2590489, -26.143967, -91.57291, 54.09881
-0.25066742, -28.275066, -113.96713, 50.49712
-82.51424, -17.228302, 21.464409, 19.860058
-0.24649599, -24.700127, -95.279175, 52.27357
-0.11209218, -24.540077, -89.92323, 56.174675
-0.17566548, -27.180387, -92.001015, 51.339863
0.06818917, -26.862873, -91.79421, 46.307114
-0.3270236, -26.752174, -85.7366, 50.54022
-0.16617928, -27.012028, -91.466644, 51.345463
-0.24413875, -28.994427, -112.90621, 50.455803
0.008575756, -25.46144, -90.351814, 50.265007
0.041324224, -25.383863, -88.35767, 52.44903
-0.060248718, -29.741951, -92.98165, 67.05839
-0.25380898, -29.652876, -95.374725, 51.2242
-0.13942969, -26.84007, -94.56662, 57.23015
0.035009798, -25.902523, -90.606155, 50.5213
0.06379461, -25.774567, -88.33039, 49.92874
-0.18225186, -29.17203, -131.03758, 51.001583
-0.16617928, -27.19328, -91.466644, 51.345463
0.031757675, -25.355457, -99.6594, 66.445145
-0.16617928, -28.208158, -99.18314, 51.029305
-0.022812538, -25.547764, -87.903076, 65.26914
-0.14589141, -26.980711, -95.143524, 57.23015
-0.2760899, -27.086554, -82.9572, 51.529602
0.060735594, -30.397575, -88.062065, 56.699192
-0.22647236, -24.6787, -79.78997, 51.786526
0.02276617, -25.785671, -90.02482, 49.991554
-0.26301357, -23.558954, -75.79623, 45.437454
-0.30044726, -29.514957, -88.96382, 50.87737
0.0347878, -28.303432, -91.77604, 68.15975
-0.010337959, -25.77243, -84.01337, 55.58862
-0.023446843, -25.547764, -87.903076, 66.00699
-0.25987136, -27.036781, -83.15534, 51.261353
-0.3178769, -24.368176, -95.88882, 51.335224
-0.21072541, -30.472767, -94.77991, 57.292435
-0.22346754, -26.117388, -90.13542, 54.90017
-0.22572075, -25.223463, -92.87238, 62.588894
0.05210668, -23.091856, -88.81592, 50.529438
0.04207552, -25.707882, -87.06612, 48.528904
-0.1749142, -29.17203, -131.85745, 51.001583
0.035009798, -26.066036, -89.29806, 50.5213
-0.015819632, -24.288126, -89.58858, 56.195107
0.03634796, -25.064722, -88.31673, 52.53574
-0.332764, -29.179806, -95.14395, 51.52669
0.01798423, -25.785671, -91.29658, 49.92363
-0.035498634, -25.729015, -87.640526, 56.488956
-0.15155186, -30.192442, -93.69148, 57.24005
-0.27148825, -29.630175, -95.374725, 51.206207
-0.15901095, -27.089094, -114.62051, 51.345463
-0.023446843, -25.547764, -87.640526, 56.22572
0.08257339, -30.03007, -112.35856, 56.349976
-0.31631795, -27.138, -83.15386, 51.282112
-0.14642365, -27.167295, -94.800674, 57.23015
-0.24781959, -27.060074, -83.13041, 51.261353
-0.33841696, -24.049034, -105.62979, 51.335224
-0.1545755, -27.098757, -91.5877, 51.000935
0.036277212, -22.640352, -88.40778, 50.529438
-0.045655824, -25.09074, -87.565895, 63.161106
0.03819681, -25.707882, -87.06612, 43.77503
-0.20726179, -30.407768, -94.77991, 57.032093
0.05573493, -26.741299, -91.79421, 46.307114
-0.25899437, -27.167585, -83.15534, 51.261353
-0.18089561, -28.590315, -131.85745, 50.476562
0.024214527, -25.844625, -92.35926, 47.01448
0.084379025, -29.618366, -92.7421, 56.922768
-0.30044726, -29.507698, -85.51853, 50.87737
-0.21774021, -25.68241, -82.57191, 45.698162
0.017502377, -25.76472, -88.83387, 49.971
-79.000275, -3.1920547, 70.21181, 5.6400757
-0.20594348, -30.472767, -94.77991, 57.032093
-0.250583, -26.14903, -91.40007, 55.04
-0.27743897, -29.630175, -95.347305, 51.208397
-0.16010518, -27.089094, -114.576324, 51.345463
0.03452936, -22.491259, -88.47546, 56.53755
-0.15155186, -30.216854, -93.43824, 56.98046
-0.26261804, -26.92361, -73.05855, 51.261353
-0.08763124, -23.701132, -90.56874, 50.86573
-0.045068823, -25.341265, -89.51772, 56.811005
0.048594072, -25.516226, -88.35767, 52.44903
-80.84975, -6.444809, 3.4942102, -33.752792
-0.020891778, -25.970526, -100.81556, 50.528732
-78.04862, -8.986913, 48.503494, -8.0015745
0.02375811, -22.139599, -88.793, 56.814156
-0.26394337, -29.652876, -94.98663, 61.028458
-0.2511907, -23.97622, -90.004005, 54.92597
-0.26470765, -29.652876, -96.04734, 51.2242
-0.023446843, -25.547764, -87.903076, 66.00699
-0.24345532, -25.898829, -90.13376, 55.158134
-0.016803581, -24.090158, -89.28942, 56.751167
-0.2590489, -26.143967, -92.96897, 54.09881
-0.16617928, -27.089094, -91.466644, 51.60264
-0.25858116, -26.143967, -91.78523, 54.247055
-0.16617928, -27.046528, -92.33771, 51.285427
-59.53205, -36.18567, -64.55591, 31.951172
-0.015819632, -24.163038, -89.28942, 56.751167
-0.038245305, -25.729015, -87.53869, 56.191475
-74.155235, -8.986913, 48.503494, -11.395813
-0.16159242, -27.275599, -88.054375, 57.385483
-0.082181185, -28.428635, -92.812, 69.80299
-0.12346844, -25.305454, -88.461815, 57.807434
-0.18225186, -29.17203, -131.03758, 51.001583
-0.25934806, -29.37343, -97.02012, 50.801556
0.060735594, -30.397575, -88.062065, 56.699192
-0.2717525, -29.652876, -94.82639, 51.2242
0.08257339, -29.805954, -112.19533, 56.349976
-0.26394337, -29.652876, -94.98663, 61.028458
-0.26839522, -26.197865, -78.08455, 47.485943
-0.27743897, -29.652876, -94.41757, 60.053757
-0.18179235, -29.17203, -115.45994, 47.547523
-0.3270236, -26.925896, -84.61941, 50.48719
-0.019393686, -25.593464, -84.18964, 55.815277
-0.35980645, -23.508791, -84.17222, 50.48857
-0.029918835, -25.341265, -87.925, 56.797897
-0.045068823, -25.341265, -88.15234, 56.794903
-11.637985, -11.518636, -41.61926, -47.22557
-0.015819632, -24.34429, -89.28942, 56.751167
-0.14402324, -30.447178, -105.060196, 57.428905
-0.332764, -29.071098, -94.76369, 51.264645
-0.22419353, -24.648245, -94.48528, 51.654236
-0.16469452, -22.94522, -88.10778, 51.605362
-0.103670195, -24.433392, -90.18513, 56.43387
-0.25542545, -29.37343, -96.0496, 50.801556
-0.15901095, -27.089094, -114.62051, 51.345463
-0.35980645, -26.873205, -84.17222, 50.48857
0.04549068, -23.244928, -86.91498, 50.86399
-54.193943, -52.072975, -76.71593, 50.80142
0.065800555, -30.576097, -89.753265, 56.699192
-0.22572075, -25.042212, -92.87238, 62.588894
-0.029995188, -25.341265, -88.15234, 56.263805
-0.2511907, -23.97622, -90.004005, 54.92597
-0.12346844, -24.951025, -88.461815, 57.807434
-0.16708538, -28.991528, -115.45994, 51.250015
-0.35980645, -26.752174, -84.340546, 50.48857
-0.019393686, -25.593464, -84.01337, 55.587013
-0.25508943, -27.060074, -83.13041, 51.261353
0.02909454, -22.159384, -88.34154, 49.99761
-0.29343036, -24.815403, -95.68657, 52.27357
-0.04537782, -25.547764, -87.53869, 56.191475
-0.030197825, -25.341265, -87.925, 56.814156
-0.20333916, -30.29941, -94.86944, 57.334724
-68.17014, -49.54292, -49.453976, -50.055893
0.063586675, -29.596087, -111.15795, 56.922768
-0.028855372, -24.288126, -89.58858, 56.453686
-0.26448265, -29.652876, -94.82639, 51.2242
-0.14208259, -30.447178, -104.18412, 57.428905
-0.059011213, -29.741951, -92.98165, 67.61467
-0.045655824, -25.066687, -83.26043, 63.161106
-0.103670195, -24.18395, -90.18513, 56.436623
-0.042249616, -25.35159, -88.15234, 56.814156
-0.22945127, -24.815403, -95.68657, 52.27357
0.035009798, -25.76472, -88.83387, 55.887424
0.05573493, -26.741299, -91.79421, 46.307114
-0.23826367, -26.854818, -82.64243, 51.261353
-0.24717884, -28.418608, -113.96713, 50.49712
-0.16741154, -28.841583, -130.17773, 51.28147
-0.2513113, -26.143967, -91.78523, 54.247055
-0.045655824, -25.066687, -83.99176, 63.161106
0.0347878, -27.919401, -92.33833, 73.80482
0.053020004, -25.383863, -88.35767, 62.615414
-0.16617928, -27.089094, -91.27025, 51.345463
-0.030613082, -26.759014, -88.960594, 63.161106
0.06818917, -26.681622, -91.79421, 46.307114
-45.287895, -55.595886, -68.66378, 83.6951
-0.31631795, -27.058489, -82.92308, 51.282112
-0.14880519, -32.032013, -93.38384, 57.279583
-0.22419353, -24.648245, -93.94129, 51.67687
-0.1076282, -24.457397, -89.94085, 56.189747
-0.26261804, -27.03607, -83.257835, 51.261353
-0.0056896606, -25.223597, -81.49213, 52.980927
0.03348521, -25.785671, -89.90051, 54.47496
-0.1265661, -25.042883, -89.84451, 57.297085
0.063586675, -29.618366, -117.680725, 56.922768
-0.28057203, -26.225273, -78.047165, 47.761
-45.287895, -54.09348, -67.670364, 83.6951
-0.26470765, -29.652876, -94.45462, 51.22549
-0.2713513, -26.976751, -82.92308, 51.529602
-85.27492, -15.762085, 5.4132843, -71.454605
0.035009798, -26.066036, -89.29806, 50.5213
-0.035498634, -25.547764, -89.031494, 56.488956
-0.023446843, -25.547764, -87.903076, 66.00699
0.031273477, -27.919401, -92.59094, 73.80482
-0.045655824, -25.066687, -88.960594, 63.161106
-0.33363503, -24.196865, -96.3283, 51.335224
-0.14208259, -30.192442, -93.38384, 56.976814
-0.30044726, -29.514957, -89.038826, 50.896
0.084379025, -29.618366, -110.34137, 56.901077
0.078385144, -29.618366, -110.34137, 56.922768
-81.01295, -15.762085, 5.4132843, -77.91274
-0.17297076, -28.991528, -115.45994, 51.248726
-0.24345532, -25.917305, -99.25936, 55.158134
-0.028855372, -24.221828, -89.58858, 56.45545
-0.29935324, -24.815403, -95.68657, 52.222393
-0.04146283, -25.341265, -87.925, 56.797897
-0.035498634, -25.271849, -88.35158, 60.976994
-0.27602375, -26.92, -83.71482, 51.742233
-0.038245305, -25.547764, -87.53869, 58.839558
0.02839486, -23.869976, -99.56468, 66.969154
0.035009798, -21.972752, -88.83387, 50.31001
-0.22346754, -26.270157, -90.13542, 54.816547
-0.04146283, -25.35159, -87.925, 56.814156
-0.29935324, -24.85202, -95.68657, 52.27357
-0.1457492, -30.40848, -93.421234, 51.72389
-0.16943622, -34.607826, -115.45994, 50.487682
-0.17000918, -34.603672, -115.45994, 50.448917
-0.2590489, -26.295406, -91.78523, 54.09881
-0.035498634, -25.271849, -88.35158, 60.976994
-0.16865714, -27.180387, -92.001015, 51.06886
-0.14402324, -31.780695, -93.69148, 57.279583
-82.51424, -17.228302, 14.618191, 18.207954
0.024003629, -28.303432, -91.999054, 68.15975
0.018547934, -25.46144, -90.21116, 50.265007
-0.25675038, -26.197865, -78.08455, 47.287834
-0.21072541, -30.472767, -94.77991, 57.292435
-0.022812538, -25.547764, -87.88486, 66.00699
-0.22647236, -24.648245, -95.01723, 51.67687
0.056717485, -23.091856, -102.44718, 50.529438
-0.2551198, -28.994427, -112.90621, 50.75746
0.06379461, -25.774567, -77.95683, 49.92874
-0.029918835, -25.341265, -89.30175, 56.814156
-78.04862, -8.986913, 48.503494, -8.0015745
-0.33841696, -24.305222, -96.3283, 51.335224
0.06379461, -25.774567, -88.37206, 49.994804
-0.24032132, -28.994427, -112.00222, 50.455803
-0.2713513, -26.976751, -82.92308, 51.529602
-0.25934806, -29.37343, -96.0496, 50.82398
-0.020891778, -25.949389, -101.51434, 50.528732
-0.17362577, -28.590315, -131.85745, 50.476562
-0.015819632, -24.221828, -89.58858, 56.2098
-0.28057203, -26.372648, -77.54761, 47.761
-1.4006621, -23.072395, -75.970436, 59.89223
-0.34167394, -24.049034, -96.68055, 51.335224
-0.22647236, -24.795046, -94.237, 51.786526
-0.26301357, -23.558954, -75.79623, 45.437454
-0.17566548, -27.180387, -92.001015, 43.478897
-0.25470746, -28.418608, -113.96713, 50.75746
0.065800555, -30.397575, -97.60097, 56.699192
-0.1367534, -30.447178, -105.060196, 57.428905
-0.23955071, -28.807571, -115.45994, 52.69601
-0.15155186, -29.9834, -93.43824, 57.00633
-0.18183954, -28.990816, -115.45994, 47.547523
-0.03027036, -25.341265, -88.15234, 56.251957
-0.08763124, -23.939478, -90.56874, 50.884945
-20.12983, -17.280922, 24.820198, 4.8921585
-60.976406, 26.435425, -85.36222, 60.884125
-4.3232117, 98.28551, 29.192017, -3.5862732
-11.375191, 52.52977, 74.97005, -12.314728
-81.377235, 78.54077, -20.432426, -41.532093
56.36667, -27.56192, -29.268356, -72.374664
57.025604, -0.18548584, 92.42546, -31.520638
49.89496, 10.868141, 77.97859, 70.53439
-36.73125, -75.48758, -28.765526, 98.29747
-19.184967, 0.04246521, 94.09033, 32.4897
-13.462082, 37.811096, 55.00934, 51.329468
-8.633766, 36.81949, -69.76629, -39.74793
0.48281097, -41.49724, 89.75952, 46.749893
-58.712856, -94.12356, -4.994385, -82.30665
-2.0169601, 19.508972, 25.123428, 59.887283
74.7661, 80.21948, -54.316154, -91.77692
-89.10902, -18.138214, 82.459305, 57.037598
46.017105, -62.572422, 2.389885, 85.65332
71.84755, -24.96244, -68.32062, 81.58612
35.463013, 82.99411, 31.166183, 36.737
40.7677, -92.4562, 69.58641, 97.51552
-86.60871, -85.24552, 66.76758, -97.25071
40.38414, -23.896675, 78.7962, 83.73596
-9.915413, 71.805466, 12.251343, 60.45076
84.922775, -45.936077, 28.991058, 91.13904
-55.20515, 62.97899, -34.784058, 27.746918
-8.591881, 86.789154, -9.018082, -36.11114
24.087395, -49.545914, 42.118378, -73.02532
30.97728, 77.289856, -66.338196, -60.71995
-80.16539, 66.775055, 55.769547, 35.48233
-49.521385, 77.285645, 36.81807, -25.662544
-20.181076, -7.6861954, -64.73593, 13.401077
51.912506, 61.833054, -26.999084, 6.8269577
83.464005, 35.743134, 99.5172, 2.427948
4.554329, 74.26494, 19.68814, -48.116337
50.658295, 94.92502, 56.670135, 85.813065
-20.929253, 67.14104, 90.22334, 25.459778
68.79591, 41.339935, -16.25264, 66.07405
-93.11079, -68.840866, 26.491608, -26.012268
-23.08899, -73.21123, -72.48949, 78.56012
-74.647125, -4.61364, 62.05185, 5.476471
-26.89206, 41.968094, -52.869526, -85.101395
-34.37503, -16.719017, 93.063644, 26.93602
-14.8741455, 88.91412, 95.18289, -73.263626
-43.85412, -30.957428, -98.7861, 13.651947
6.652008, 71.73073, 54.756454, 37.648743
43.899124, 12.36969, -41.473408, -89.16819
44.65439, 52.63141, -8.123108, 36.04059
-30.425804, 82.3828, 58.429092, 85.45001
68.229965, 28.75975, 62.41432, -20.551056
-79.22903, 16.179527, -73.24758, -32.939926
-10.016304, 74.1239, -50.170048, -58.80157
1.8828506, -8.149521, -59.15186, -50.335373
-93.83788, -43.398212, 13.9088745, -1.1729507
6.4862213, -64.24982, -52.448357, 47.28473
6.572235, 43.95381, 9.084938, 60.012955
64.88707, 49.83632, 77.36775, 68.04123
80.467224, -31.436028, -77.96692, -84.281105
94.360306, -80.41502, -99.11734, 98.49338
40.52034, -67.46802, -18.26522, -63.513813
85.07692, -14.918457, 53.367172, 48.14775
-80.6998, 31.037506, 4.9837112, 87.91408
-25.240814, -65.16138, -2.000824, -17.988014
17.123268, 18.368805, 11.826118, -73.02548
-26.519485, -88.7077, 33.518326, 72.81737
-31.977356, -39.467926, -60.567833, 26.772774
-39.39993, 20.511337, -48.672943, 31.820343
46.2735, 88.705826, 55.12596, 74.87143
-50.90488, -59.281708, 90.869415, -77.81001
-83.63369, 46.658844, 55.391235, -38.899918
50.678894, 65.41806, 74.19507, -18.885605
39.490814, -59.487286, -60.639374, -64.19071
59.51927, 23.476006, 70.23399, -58.355515
76.59593, -37.001217, 68.34761, -31.974937
-34.65941, 29.939682, 20.40763, -37.808357
-29.803589, -42.26322, -75.282524, 59.198166
92.51636, 73.836685, 61.86023, 3.2108307
96.53403, -24.167305, -14.075073, 78.62346
-0.008895874, -88.16828, 51.576782, -55.104084
-24.184921, -6.8057556, -28.156204, -47.4236
-26.542503, -54.085125, 84.21947, 28.018005
14.863846, -35.91432, -2.478859, -98.29087
94.43645, 20.799873, 8.049812, -88.39843
31.420212, 38.20717, -60.024727, -4.7675247
93.30495, 73.876465, 92.00687, 41.984924
82.12155, -26.042244, -18.818192, -72.319336
29.871033, 7.0794373, 49.805878, -81.68006
40.160904, -57.65842, -9.536697, 0.16418457
-10.541183, -76.64049, -15.824684, 43.817596
-13.480743, 5.717613, 82.11194, -56.47517
60.77153, -4.7375565, -76.40007, 19.824852
88.904816, -56.027653, -34.2705, 35.64409
17.805443, -64.455, -97.18836, -66.33638
30.14656, -97.48195, 93.94115, 88.230545
-82.67482, 85.842804, -66.34326, 13.326729
-1.6919861, 14.381538, 64.64815, 34.15622
-45.99742, -63.119583, 8.446381, -45.970623
-16.281197, 62.924606, 71.4823, 7.18589
-30.241447, 37.444534, -82.24112, 59.717697
91.71826, 87.28706, -1.759018, 5.166748
87.842285, 15.787613, 89.122635, -82.51902
-91.51297, 31.715256, -55.681366, 94.36893
-86.234055, 9.449997, -51.428585, 70.82646
-9.694565, 18.794144, 35.3246, 64.39838
-63.441322, 89.81708, -42.138298, -83.690674
68.825, -72.44704, -14.904907, -60.153244
82.485916, -69.500854, -24.171974, 1.3501053
-12.536682, 50.606613, -19.47242, -38.60766
13.790276, -26.00785, 9.66803, -40.188396
37.056915, -58.143677, -14.792328, 92.2932
-66.857834, -2.747818, -72.37875, -75.35947
-38.01119, -99.867676, 91.32599, -54.913483
-29.50315, -96.34446, 74.1767, -44.17997
41.982742, -15.440643, 24.064827, 17.487465
36.022156, -30.371513, 92.98653, 39.277313
-48.575966, -77.61081, -89.25631, -44.507378
64.482285, -32.53956, -13.16864, 22.982513
-36.893593, 14.457108, 15.664314, 95.97023
32.312027, 84.2836, 52.166077, 20.861961
-42.284554, 23.783829, -9.962257, 27.874443
34.704178, -38.981926, 70.38136, -83.42258
-37.072063, 6.223892, 80.42319, 13.32061
-2.1230927, 4.796158, -6.036026, 45.939606
-42.67144, -91.3532, -96.09988, 39.98195
74.40323, 82.49628, 26.990143, -26.813927
41.425842, -86.32555, -81.069565, 49.685913
77.95294, 29.132553, -66.31038, -57.83754
73.49092, -62.829433, 93.96962, -51.37703
-34.205612, 86.52838, 20.26632, -90.47007
96.02867, 3.904045, 8.4590225, 40.24141
86.043564, -79.03923, 66.32587, -28.966125
-71.18581, 24.481224, -30.382652, 73.196655
11.118607, 16.484772, -68.33145, 19.836952
28.62793, -67.92378, -75.28475, 98.165924
36.676956, 96.09715, 7.783165, -72.17764
15.229523, -83.230576, -74.5646, 47.889603
-61.585354, -2.163231, 71.457184, 90.570404
-52.628864, -41.68488, -29.714867, -87.91641
-38.205536, 93.9126, -55.225163, 92.64398
-29.742462, -74.38062, -96.44489, 88.28334
76.6288, -15.483154, -47.36436, -79.175316
11.6371, -72.448, 19.286057, -95.09445
87.35043, -26.243332, 75.13545, 31.959015
-32.052216, -4.19014, 12.743149, 39.56285
-12.065155, -14.466423, -71.54867, -60.687862
98.79726, -97.63478, -78.49565, 39.22975
-75.86684, 37.974518, -28.853806, -16.27005
91.90671, 1.451683, -12.924416, -35.22693
-69.799034, 85.72899, -70.12981, 88.134415
-90.18617, 25.097084, 14.239059, -79.56737
84.02547, -30.75386, -84.46796, -31.357895
99.334915, 38.154602, 31.682388, 19.845436
77.95155, 18.125137, -21.231369, -68.969536
-31.579659, 96.75934, -65.15811, 76.8586
-74.03383, -40.936947, -96.506836, -61.569317
70.8497, 15.130951, 30.026855, 9.086075
-21.295044, 69.0264, -18.172577, -59.458015
-83.744316, 57.2509, 33.34294, 39.137543
43.339355, 53.19699, 63.741806, 73.49489
-69.30701, 66.88341, -85.49326, 28.998245
60.15651, 89.03992, -66.15753, -16.37333
33.706085, 24.236893, 35.00775, -19.520943
26.041626, 72.33453, 37.17227, 25.02298
-49.853783, 28.541718, 74.633606, -34.86904
92.658966, -56.237896, 83.63031, 49.733536
-40.094177, 78.72441, 80.617966, -30.534653
-73.30514, 94.88199, -2.6681747, 92.52498
39.93718, -62.597893, 95.51015, 9.131966
87.028534, 70.30159, -27.17479, 35.13977
-45.09144, 10.876915, 17.368576, -83.833824
-30.593506, -54.55467, -8.963882, 84.034424
53.82057, -78.52838, -44.46885, -23.9077
71.94217, -93.85491, 87.332596, -28.747002
-68.9362, 35.592575, -69.69775, -74.52077
15.950081, 61.28212, -85.76489, 65.91261
-26.844437, 99.71466, 11.057365, -34.549644
15.456268, -57.21868, -34.868813, 54.462875
-77.20941, -97.727135, 69.60324, 76.6158
79.08235, 24.124084, 61.141037, 51.708633
-24.90538, -95.892815, -72.893, 22.303268
-77.62363, 4.158661, -57.06441, 94.01131
-77.40492, -2.2477036, -79.95832, 74.54344
-5.226883, -27.159767, 43.965942, -27.194557
-68.408875, -13.311897, 35.790283, 62.65619
-82.674324, -62.516796, 74.2874, -29.704636
-41.274357, -37.376385, -83.114944, -79.78136
70.23515, -47.99984, -63.83274, 2.824379
15.78698, -85.61441, 9.596893, 69.10849
-4.98452, 24.92752, 86.477844, 39.17726
57.91736, 46.675293, -27.70205, 87.31241
44.47975, -75.631485, 78.78389, 70.874985
72.72838, -15.160927, 87.206894, -70.747
-64.63168, 36.45508, -12.027252, -99.90192
-84.84583, 88.55632, -71.42694, -15.444595
-67.03311, 71.0166, -43.93143, 18.815468
-68.92342, 68.67383, -36.093056, -49.884502
17.665543, -32.991722, 0.18032837, -73.08168
81.26065, 50.785126, -58.44722, -47.64186
-47.388905, -55.429848, -68.20741, 10.98027
-76.33472, 20.691086, -39.478184, 39.191544
55.579453, -30.452309, 1.9347916, 99.8985
-51.40329, -8.957741, 11.525169, -54.51378
14.345444, 63.429382, -36.84277, 97.766846
-98.05373, 65.05948, -42.032146, 27.318253
-60.259914, -20.73722, 47.501404, 77.61931
-52.827816, 61.28003, 57.14218, 76.77136
-52.166233, 9.346115, 41.197327, 51.347076
36.597794, 79.34248, 85.63234, 68.442184
38.119644, 53.99655, -47.441925, -66.897125
-10.611343, 33.67018, -56.7291, 13.646378
-75.509476, 88.23311, -27.749954, 15.655792
64.49101, 49.68257, 32.29605, -2.1799316
-75.355606, -58.69798, -66.31867, -52.248463
70.34964, 3.78096, 90.2793, -3.7364655
74.068375, 22.13234, -80.01349, 88.269455
-97.90124, 3.7328339, 28.426193, 60.556107
-23.934631, 63.7193, 58.546356, -2.1071548
-51.333515, -50.75401, -48.130142, 74.83914
40.94397, -64.64748, -98.93352, 61.805542
-42.65207, 54.460876, 13.0260315, 80.7775
60.563736, 68.82097, 40.315125, -4.865059
77.689316, -76.188416, -42.140587, 85.52078
42.276657, -99.83876, 40.17746, 42.98398
-21.056595, -89.78967, 50.940247, -10.453865
-67.43793, -51.061047, -89.32912, -41.576653
3.5407639, 84.60329, -74.72404, 98.68353
-30.922768, -36.253036, -84.611374, -66.06178
-68.76833, -44.58953, 26.081573, -92.9769
2.8349304, 22.016739, -7.7492523, -69.623505
59.459366, -80.368996, 2.8603516, -65.001144
-7.6892166, -22.3816, -82.76956, -87.01265
-81.782776, 21.990013, 81.11813, -51.908894
11.045837, 76.87843, 71.78012, -1.5058441
-86.180786, 57.42697, 80.43355, 75.05441
90.26523, 34.744675, -93.51645, -71.247955
30.732147, 79.91246, 32.634583, 88.815094
-16.99157, 79.0354, 12.286522, -45.053238
-90.90248, 36.090378, 38.55757, -52.760384
23.24562, -80.78763, -36.23473, -68.80298
-73.62399, -55.716125, 21.635796, 44.98996
-0.54818726, -43.882507, 49.962692, -26.148148
76.97061, -86.82425, 79.11742, 91.07379
20.741669, 39.55002, -18.893036, -96.860085
-90.115036, 38.885056, 35.358765, -71.13719
0.9953613, 18.267906, -23.555061, 95.277756
56.980927, -83.26827, 90.50339, 86.92842
62.458588, -87.2609, -62.549175, -40.55094
-33.90982, -60.257225, 38.263397, -18.890419
59.183685, 30.82277, 58.188034, 26.654388
56.935913, 94.07738, -95.06181, -10.199776
11.987976, 12.532005, -67.44207, 35.68422
-39.907486, 29.832108, 91.85484, 23.63256
-21.556198, -93.55168, -45.035816, 82.77443
-97.98937, 3.044281, -43.00745, -69.349
29.66864, -81.19343, -77.173386, 26.472687
-78.381485, -48.888428, 78.783966, 46.15558
58.925568, 52.877182, 41.236847, 55.30284
66.730225, -56.98755, 86.52205, -45.216137
-82.188446, -79.69222, 25.71862, -33.752785
21.481598, -46.74405, 46.231415, 0.9971771
3.2451477, 45.036346, 96.26669, -74.97033
-58.04559, 0.3618393, 80.84952, -38.28477
81.80759, -39.41186, 95.657135, 18.05738
18.947807, -77.597435, -86.23966, 34.40381
-46.228962, -8.157761, 22.828308, -57.836933
11.477684, 5.325493, -31.727402, 77.57495
21.986626, -54.402378, 83.84746, -16.783379
33.36946, -65.59102, 76.183716, -74.995895
-93.348015, -57.589184, 92.5302, 65.0412
14.355614, 64.26103, -12.987526, -56.162815
-70.23018, -33.488472, -15.708664, 20.872673
21.55069, -8.015991, -7.066078, 92.67203
88.33632, -89.87855, -4.1597977, -89.57066
-16.156807, -72.40463, -25.39936, -44.98092
-18.43248, 41.797745, -44.71429, 98.52588
59.99388, 40.49791, 19.324432, 60.03557
50.938446, -34.890205, -72.817375, 93.98392
-53.22268, 8.319092, -16.643906, -78.77615
-57.221077, -41.81985, -69.60444, -54.259037
52.826355, 58.460632, 98.30554, 98.09044
-15.65155, 44.91072, -49.16805, -70.29
51.65558, -21.191338, -55.97763, 76.322845
17.224312, 40.39424, 93.166214, -51.1993
12.750687, -28.28389, -23.070503, -60.4552
-22.95913, 7.733917, -16.443748, -12.8257065
29.969055, -26.61827, -52.58808, 88.546814
70.93628, -51.272865, -36.825115, 16.296005
78.57497, -17.216667, 2.3504868, 51.440674
-21.385727, 32.02092, 59.391373, 87.686264
53.450058, -52.025547, -64.10483, 19.653877
79.433395, 87.05148, 92.80521, -89.56501
68.60336, -17.501488, 98.49365, 27.56903
74.06297, -14.802284, -30.236366, 22.307991
-14.024651, -77.17317, 89.50885, -87.3736
-27.559792, -55.787323, 95.70599, -16.663582
29.748077, 43.974823, 94.97333, -85.98358
-7.443321, 31.28627, 61.328873, -8.9520035
-67.258286, 80.963715, 58.86075, 26.993523
72.97339, 63.45697, 61.34836, -90.86285
14.4390335, 5.2928085, 86.76308, -88.68091
-66.17991, 40.91603, 65.01285, 81.59395
-76.40876, 28.058273, 77.85959, 64.459015
-55.699463, -94.202736, -96.61322, -94.181526
66.90665, -37.58546, -0.24209595, 10.586128
6.9402313, 61.77707, -89.934135, 80.70686
-48.293907, -56.060596, 12.948967, 64.52374
6.3026657, 26.738777, -42.356945, -65.385025
46.327972, 56.402863, 53.36995, -99.65925
14.016365, 81.279236, -3.3405228, 66.21838
-68.89725, 10.3135605, 52.313293, 22.456757
44.270782, -15.516533, 13.044907, 11.799957
70.023315, -75.6083, -32.11669, -4.4847336
-82.097275, 34.83783, -98.10542, -89.84898
19.51464, -8.011322, -2.789215, 16.545021
59.26294, -0.36914062, 37.762085, -12.402962
87.99078, -59.276215, 4.873741, 30.922363
24.871681, 42.813995, -19.443703, -81.90614
5.378807, 37.55388, -36.45727, -68.36694
-15.317787, -90.68021, 5.0569763, 72.49512
73.0863, -44.39733, -61.035923, 78.88338
-6.0658417, 51.269012, 41.588074, 9.872749
-6.348648, 19.379211, 19.210457, 26.39904
-23.903671, -79.29524, -97.159, 76.64719
47.944305, -22.850327, 27.203873, 50.72615
52.300674, 46.258163, -75.86982, 72.300644
-9.1045685, 97.03247, -31.508316, 2.4721375
-83.93402, -67.95334, 86.2204, 98.874176
-34.038124, -67.46104, 18.706306, -38.312317
43.77849, 68.37634, -0.5007782, -80.94272
-72.697464, -88.44235, -23.02237, 59.93187
85.839325, 42.948624, -87.703224, -29.248253
22.164574, 46.05481, 44.705826, -63.863285
-61.437546, -3.293373, -14.1464615, 45.423386
39.91536, 31.519348, -20.131073, 63.045715
-49.58483, -34.047417, 18.403069, -84.56141
69.904724, -30.840271, 97.06517, 93.509384
-37.51269, 80.93939, 12.706184, -48.744156
-72.33519, 31.240677, 84.479675, -42.75237
-4.162651, -34.06292, 69.33591, -99.921684
35.258255, -68.85242, -38.907505, 87.9494
17.599548, 74.81418, 49.29872, -46.242435
57.10463, 56.141144, -85.092224, -80.91962
-20.612404, -39.648586, 12.672737, -71.98592
-16.635048, 47.200775, 69.7509, 54.69275
-3.509346, -61.0888, -34.79212, -57.663204
82.54024, -24.649628, 92.8745, 16.322983
92.24045, -1.1525116, 76.99562, -38.52787
-85.58522, -83.2667, -91.423874, 15.971077
-34.90129, 84.52876, 71.82904, -67.90739
80.49512, 93.20836, 31.16681, -3.366539
-79.107, 49.01689, -48.62549, -83.168495
69.491776, 73.27251, -89.09235, -67.49104
9.0924835, 78.97566, 7.6324234, 32.15297
78.21655, -58.505768, 18.867943, 61.757355
51.976196, -65.90648, -53.50601, -34.878845
-18.644508, -63.45717, -89.89842, 42.090576
-69.29654, -73.88433, 9.640213, -93.436455
48.966278, 10.592232, -75.25419, -16.271057
-71.00001, 20.630714, 38.39856, 29.403
89.777466, 54.235687, -49.059315, 36.613327
-18.43441, -73.37894, 18.300583, 59.152298
-44.02183, 29.246246, 36.473206, -86.00063
-99.1405, 44.690247, 59.86847, 60.19699
-66.98101, -37.955875, -58.205116, -80.38227
-44.681557, 26.237999, 79.037796, 31.678528
94.82895, -76.97899, -22.77275, 32.929123
-50.874134, 92.9599, 51.72644, 63.447113
12.8699875, -57.134773, -34.151093, -37.171547
75.03839, 92.36644, -61.191116, -86.32066
-69.16006, -24.538902, 2.8974075, 18.803558
99.81152, -54.63298, 67.60281, -39.265293
60.279343, -20.067314, -56.807964, -39.67836
-20.592896, -52.744644, -43.087994, 87.75517
-95.48155, 9.565506, -70.53981, -44.774376
64.68498, -53.519882, -30.277245, 36.586456
-55.1747, -2.7317963, -54.051003, 85.93202
-50.720295, 24.687256, -60.297424, -99.79976
50.821655, -43.621284, 8.997093, -78.60947
86.20372, 59.65941, 18.421684, 44.276566
67.210434, -3.8951035, -68.585205, 70.71823
-82.46799, 10.153473, 65.214325, 61.353943
-70.21798, -77.62501, 26.987526, 89.52156
94.16344, 76.49338, 12.61821, 55.979294
-90.41295, 69.1089, -11.185104, -84.08043
7.8008194, -3.3481903, -58.69185, -5.6244965
75.52081, -14.18766, 12.608292, -46.19205
66.377716, -8.8342285, -61.928158, -64.21086
52.407578, 5.720886, -55.582237, 21.972511
57.918777, -93.77933, -93.784225, 50.685593
-54.036884, -67.79108, 66.61882, -57.54393
45.611404, 39.861603, -48.098225, -70.78299
-79.06894, -30.419891, -77.86036, -73.344315
-93.156364, 2.2633514, -79.889984, -98.89921
85.476395, -29.98716, 88.10628, 89.23335
-57.977848, -2.8270493, -64.81343, 96.10535
37.75923, -98.67937, -38.59823, -80.29833
79.9556, -79.776566, 63.654083, -43.519855
-64.211, -82.19406, 98.48607, -60.563778
72.67096, -76.70986, -97.60231, -21.613052
10.49453, -39.572037, -72.83562, 3.8895264
66.95947, 96.75049, -76.638985, -57.21054
39.50078, 44.85356, -78.68041, 91.8569
-24.42228, -17.026901, -98.363205, 78.49559
45.270706, 61.759552, 92.79228, -24.491028
99.9577, 17.451492, 63.713837, 14.716812
54.300125, -15.342644, 61.891678, 14.148315
-23.945793, 18.663956, 92.40976, 90.95442
-48.810112, 14.042221, 77.30316, -79.98193
40.826584, -41.163605, 30.11702, 16.028954
-3.2299805, 43.626694, -89.07499, -67.28067
-60.611843, -94.8938, 26.598618, -65.84567
-18.729973, -70.403625, -51.802055, -27.003937
-0.27091217, -7.2426605, -36.059128, 7.1623
42.69864, 63.389755, 37.065598, 74.6821
76.91113, 87.89757, -83.09513, -4.0565796
-16.125305, -71.82488, 51.137085, -37.65284
-92.18668, 87.92702, -73.30816, -16.693283
37.418106, -51.232277, 70.783295, -46.84657
42.23108, -95.25954, -67.766495, 84.74397
-48.75952, 45.67549, 98.276596, -82.44035
-25.08023, 1.6226883, 44.01686, -78.01196
-3.5860138, -34.770973, -14.668587, 48.63777
-71.73111, -63.732475, 54.966187, 68.04468
57.10518, 74.28941, -70.78515, 98.4379
52.21202, 26.543663, -63.45499, 93.48341
-65.84108, -76.43308, 65.61131, 6.313339
-74.47332, -15.714302, 19.1566, -1.6075668
-30.09909, 9.101906, 14.271248, -98.120865
-98.276886, 8.748207, -79.39502, 65.077896
-32.528618, 39.33426, 50.470108, 79.25212
-27.82048, -68.74494, 90.43121, 12.694824
18.657623, -68.675476, -39.865448, 26.143326
64.52844, 6.1503906, 55.948013, 30.693375
-89.51281, -61.148678, 99.34386, 94.45155
-26.676628, -57.707916, -58.23941, -35.52288
-64.83676, 89.799484, -17.589973, 42.88977
70.56236, -41.405357, -20.459267, 68.77794
-12.938934, -21.748146, -35.99209, -26.166306
67.530685, -37.013584, 61.663025, 46.177795
43.518036, -37.37017, -68.62664, 21.806297
92.34256, -61.20153, -65.05838, -89.63793
-64.27036, -59.58638, -70.78061, -91.10642
-57.722893, 57.49019, -43.084896, -61.67389
-80.91504, -56.681038, -75.162766, -79.98802
-28.87027, 19.043335, -53.004765, 25.677917
-76.97293, 40.330505, -30.99488, 81.4373
-34.39679, 81.90971, -57.004173, -51.830242
-11.748604, 62.18376, 10.121323, 23.971474
2.0044937, 78.860886, -98.79853, 97.95604
42.317657, 88.64278, 49.368515, -0.039093018
52.978546, 55.51178, 85.63054, -72.942764
-38.727886, 96.35013, 80.42801, 22.63498
56.835617, -27.186333, -21.754242, -35.10061
-77.56622, 53.3804, -49.72865, 56.90883
-40.394783, 69.76451, -3.0157623, -95.021515
-1.7963257, -47.834522, -83.69298, 51.358
-16.25042, 67.984634, 86.92755, -42.078133
94.625, 58.91208, 96.732666, -27.078506
69.194855, -96.74554, 74.47658, 98.22974
85.61987, 74.30101, -30.079147, 36.156006
-92.06509, 3.5031052, -31.518265, -48.78723
11.414352, 37.78969, 92.469604, 32.377045
-26.283173, 55.067062, -91.02709, -94.7901
-79.502945, -94.35746, -3.164093, -20.69551
54.539505, 81.85016, -69.62556, -16.831268
48.468826, 32.999786, 34.350967, 57.749023
39.067078, 10.433044, 10.887184, 90.38847
19.11074, -84.63174, 91.35034, 52.03607
-53.29648, -52.48423, -85.155655, 28.739822
80.34334, -96.956505, 76.4866, 6.001793
-98.8233, 80.634705, -44.531788, 74.723114
-65.90175, 84.23479, 40.64293, -13.273552
-73.222015, 41.545776, -72.675766, -42.634815
-65.90398, -26.489418, -88.9436, -62.011986
34.853073, -21.10479, -4.6888504, 40.35408
-31.895912, 78.39377, -35.23163, 29.60382
66.27623, 64.95676, -68.86296, -78.98755
13.061432, 65.2617, -53.901176, -73.00901
-35.23401, -74.39146, -96.01962, 92.5605
-33.30671, 99.97633, -8.715942, 91.97644
-58.627598, 99.22832, 11.814621, -8.756599
18.719933, -80.32373, 23.321617, 22.904922
17.630722, 89.2079, -41.350674, 39.069443
-58.001778, -71.41947, -35.68817, 89.69954
59.053787, -6.333145, 33.350403, 66.60721
-85.17393, -82.71297, -88.18656, -78.80153
19.106018, -39.365852, -79.82094, -97.86177
-46.096302, -51.694347, 39.184875, -39.236088
98.49904, 87.62596, 52.87854, 71.68167
53.228714, -19.106339, 22.476662, 81.16876
-85.425156, 97.6048, -63.654163, -9.775551
99.19226, -81.80234, 62.238815, 46.814407
73.252075, 1.5107422, 80.30124, 93.64964
49.624557, -50.9333, -57.3527, -55.001095
66.66475, 38.199417, 12.299774, -97.478455
-54.406796, -60.348175, -36.205357, -89.238106
-59.209667, -33.069, 51.085007, -96.85478
-59.57172, -39.654114, -44.34275, 42.71054
-21.900383, -50.824856, -7.272812, -95.15401
29.428131, 27.233742, 47.29561, 25.233269
